              precision    recall  f1-score   support

           0       0.84      0.85      0.84      1729
           1       0.93      0.41      0.57       563
           2       1.00      0.16      0.27       229
           3       0.88      0.80      0.84      1392
           4       0.81      0.97      0.88      3477
           5       0.99      0.65      0.78       210

    accuracy                           0.83      7600
   macro avg       0.91      0.64      0.70      7600
weighted avg       0.85      0.83      0.82      7600
[[1463    3    0   56  207    0]
 [  44  232    0   10  277    0]
 [  75    3   36   30   85    0]
 [  72    2    0 1111  207    0]
 [  53    9    0   48 3366    1]
 [  29    0    0   10   35  136]]
